
====================== exp_idx=2 seed=2 learning rate=0.0003 epochs=200 train ratio=0.1 val ratio=0.01 ======================
OA=0.48651452282157676
AA=0.565990208641163
kpp=0.5375000000000001
mIOU_test:0.347274408019401
IOU_test:[0.24703704 0.41245711 0.16767852 0.35471167 0.84795322 0.18890746
 0.05358436 0.30916439 0.5439759 ]
Acc_test:[0.30359581 0.46509753 0.28169014 0.83399471 1.         0.3850471
 0.11472868 0.71416804 0.99558986]

====================== exp_idx=2 seed=2 learning rate=0.0003 epochs=200 train ratio=0.1 val ratio=0.01 ======================
OA=0.8439739720860053
AA=0.878435887742326
kpp=0.8749999999999999
mIOU_test:0.7448072427196608
IOU_test:[0.78797034 0.76728751 0.67400468 0.74905863 0.95187166 0.54984219
 0.57142857 0.76004391 0.8917577 ]
Acc_test:[0.8705811  0.80138643 0.69888295 0.92096561 0.95478927 0.8380437
 0.88062016 0.95057661 0.99007718]
