
====================== exp_idx=0 seed=0 learning rate=0.0003 epochs=200 train ratio=0.1 val ratio=0.01 ======================
OA=0.9664984911354206
AA=0.9715621792708221
kpp=0.9625000000000001
mIOU_test:0.9269033065341709
IOU_test:[0.92185411 0.96359198 0.91433724 0.89642065 0.99465241 0.90459164
 0.87559809 0.89907073 0.97201292]
Acc_test:[0.94143529 0.97565694 0.98494415 0.93584656 0.99770115 0.96351974
 0.99302326 0.95634267 0.99558986]
