
====================== exp_idx=7 seed=7 learning rate=0.0003 epochs=200 train ratio=0.1 val ratio=0.01 ======================
OA=0.493964541682384
AA=0.5761992178708585
kpp=0.5125000000000001
mIOU_test:0.36602422325498324
IOU_test:[0.36727189 0.40987053 0.11862451 0.36497494 0.79621721 0.16879979
 0.13786127 0.30366941 0.62692847]
Acc_test:[0.48490366 0.46101349 0.24963575 0.77050265 1.         0.37803167
 0.36976744 0.48627128 0.98566703]

====================== exp_idx=7 seed=7 learning rate=0.0003 epochs=200 train ratio=0.1 val ratio=0.01 ======================
OA=0.7636033572236892
AA=0.8644069427239383
kpp=0.8250000000000001
mIOU_test:0.6913434285151857
IOU_test:[0.65833527 0.59432239 0.62425725 0.45594224 0.94692949 0.64425893
 0.83434191 0.58007417 0.88362919]
Acc_test:[0.85920194 0.61201569 0.86741136 0.81448413 0.95708812 0.88173983
 0.85503876 0.94481054 0.98787211]
