
====================== exp_idx=8 seed=8 learning rate=0.0003 epochs=200 train ratio=0.1 val ratio=0.01 ======================
OA=0.5592229347416069
AA=0.5907733987252869
kpp=0.55
mIOU_test:0.3876084370129782
IOU_test:[0.49946225 0.48332834 0.17332182 0.35773894 0.81106277 0.2759066
 0.04200323 0.22569444 0.61995754]
Acc_test:[0.70459718 0.52033962 0.38999514 0.75132275 1.         0.51393065
 0.06046512 0.41048874 0.96582139]

====================== exp_idx=8 seed=8 learning rate=0.0003 epochs=200 train ratio=0.1 val ratio=0.01 ======================
OA=0.7707233119577518
AA=0.8749928309470937
kpp=0.8624999999999999
mIOU_test:0.7013006052409635
IOU_test:[0.70484171 0.60999535 0.73981062 0.54458841 0.96075472 0.48310658
 0.69952494 0.70440649 0.86467662]
Acc_test:[0.80397512 0.63490784 0.87275376 0.94510582 0.97547893 0.85407897
 0.91317829 0.9173531  0.95810364]
