
====================== exp_idx=0 seed=0 learning rate=0.0003 epochs=200 train ratio=0.1 val ratio=0.01 ======================
OA=0.9701056205205583
AA=0.9702785085791109
kpp=0.9875
mIOU_test:0.9312594993019564
IOU_test:[0.93261575 0.96289228 0.81729992 0.85013089 0.9841629  0.99519712
 0.98839009 0.91077313 0.93987342]
Acc_test:[0.95964194 0.97608684 0.98203011 0.85912698 1.         0.99679294
 0.98992248 0.98654585 0.98235943]
