
====================== exp_idx=4 seed=4 learning rate=0.0003 epochs=200 train ratio=0.1 val ratio=0.01 ======================
OA=0.5880092417955488
AA=0.5578181375897295
kpp=0.43750000000000006
mIOU_test:0.3732168236291337
IOU_test:[0.50737834 0.59170385 0.05179953 0.36473359 0.87349398 0.07071404
 0.07564864 0.24665653 0.57682292]
Acc_test:[0.73554848 0.69831802 0.07479359 0.81944444 1.         0.0821808
 0.1875969  0.44563427 0.97684675]

====================== exp_idx=4 seed=4 learning rate=0.0003 epochs=200 train ratio=0.1 val ratio=0.01 ======================
OA=0.7464635986420218
AA=0.8244944175449207
kpp=0.7875
mIOU_test:0.6413840947861148
IOU_test:[0.72823454 0.58085273 0.45934285 0.56696982 0.98162328 0.50238439
 0.43954248 0.6164331  0.89707366]
Acc_test:[0.86678804 0.59664678 0.67217096 0.90707672 0.98237548 0.90799759
 0.6255814  0.88165843 0.98015436]
