
====================== exp_idx=5 seed=5 learning rate=0.0003 epochs=200 train ratio=0.1 val ratio=0.01 ======================
OA=0.5713174273858921
AA=0.6530616958122725
kpp=0.5874999999999999
mIOU_test:0.43504850648793936
IOU_test:[0.46809878 0.45776132 0.30552257 0.35043466 0.85827291 0.30072892
 0.23251418 0.20225236 0.73985087]
Acc_test:[0.77363071 0.47842442 0.49975716 0.81316138 0.99770115 0.61194628
 0.47674419 0.24162548 0.9845645 ]

====================== exp_idx=5 seed=5 learning rate=0.0003 epochs=200 train ratio=0.1 val ratio=0.01 ======================
OA=0.7908807996982271
AA=0.8720234652799908
kpp=0.8875000000000002
mIOU_test:0.6855329326678781
IOU_test:[0.70938839 0.65903652 0.68606375 0.63369714 0.9095057  0.54444169
 0.6095815  0.65010225 0.76797945]
Acc_test:[0.82885753 0.68074588 0.89898009 0.92162698 0.9164751  0.88153939
 0.85813953 0.87287205 0.98897464]
