
====================== exp_idx=0 seed=0 learning rate=0.0003 epochs=200 train ratio=0.1 val ratio=0.01 ======================
OA=0.9536259901923803
AA=0.9661693626674721
kpp=0.9625000000000001
mIOU_test:0.9034595241396227
IOU_test:[0.92146051 0.92967756 0.82861762 0.76027027 0.9893617  0.95065978
 0.88781831 0.92542918 0.93784079]
Acc_test:[0.93809741 0.9420173  0.99562895 0.93022487 0.99770115 0.99639206
 1.         0.94728171 0.94818082]
