
====================== exp_idx=3 seed=3 learning rate=0.0003 epochs=200 train ratio=0.1 val ratio=0.01 ======================
OA=0.9525414937759336
AA=0.9641097962693065
kpp=0.925
mIOU_test:0.8978164543860677
IOU_test:[0.88815693 0.94059035 0.89060372 0.7626073  0.9797145  0.90490124
 0.90848214 0.94460488 0.86068702]
Acc_test:[0.92049765 0.94352195 0.95288975 0.9401455  0.99923372 0.99178192
 0.94651163 0.98791873 0.99448732]

====================== exp_idx=3 seed=3 learning rate=0.0003 epochs=200 train ratio=0.1 val ratio=0.01 ======================
OA=0.9525414937759336
AA=0.9640989090908244
kpp=0.925
mIOU_test:0.8977796337716654
IOU_test:[0.88801054 0.94064392 0.89019964 0.7626073  0.9797145  0.90506676
 0.90848214 0.94460488 0.86068702]
Acc_test:[0.92034593 0.94357569 0.95288975 0.9401455  0.99923372 0.99178192
 0.94651163 0.98791873 0.99448732]
