
====================== exp_idx=6 seed=6 learning rate=0.0003 epochs=200 train ratio=0.1 val ratio=0.01 ======================
OA=0.5664843455299887
AA=0.5941163792789709
kpp=0.575
mIOU_test:0.3923296057786858
IOU_test:[0.51087302 0.45941884 0.02700807 0.35100015 0.88414634 0.31286918
 0.08101135 0.30490996 0.59972955]
Acc_test:[0.73069337 0.49277231 0.03739679 0.79497354 1.         0.64762477
 0.12170543 0.54393191 0.97794928]

====================== exp_idx=6 seed=6 learning rate=0.0003 epochs=200 train ratio=0.1 val ratio=0.01 ======================
OA=0.790998679743493
AA=0.844798267905044
kpp=0.8250000000000001
mIOU_test:0.664386619875597
IOU_test:[0.70302952 0.69386506 0.66615027 0.58457272 0.93818985 0.52219552
 0.5041021  0.65769712 0.70967742]
Acc_test:[0.8203611  0.73115159 0.83535697 0.76686508 0.97701149 0.82762077
 0.85736434 0.86573311 0.92171996]
