
====================== exp_idx=0 seed=0 learning rate=0.0003 epochs=200 train ratio=0.1 val ratio=0.01 ======================
OA=0.9645652583930592
AA=0.9723712829141125
kpp=1.0
mIOU_test:0.9243698842462875
IOU_test:[0.9259 0.9544 0.9677 0.7573 0.9805 0.9667 0.9758 0.9142 0.8769]
Acc_test:[0.9653 0.9568 0.9898 0.9319 1.     1.     1.     0.9418 0.9658]
