
====================== exp_idx=0 seed=0 learning rate=0.0003 epochs=200 train ratio=0.1 val ratio=0.01 ======================
OA=0.9321110202810542
AA=0.9244229109763799
kpp=0.9066666666666666
mIOU_test:0.8047574097753659
IOU_test:[0.8959 0.8592 0.7631 0.7858 0.7918 0.4878 0.7967 0.8191 0.7599 0.9238
 0.9118 0.8362 0.6715 0.8734 0.7172 0.983 ]
Acc_test:[0.9185 0.893  0.8509 1.     1.     0.9134 0.9954 0.8435 0.8453 0.9709
 0.9333 0.9791 0.7501 0.9586 0.9462 0.9926]
