
====================== exp_idx=2 seed=2 learning rate=0.0003 epochs=200 train ratio=0.1 val ratio=0.01 ======================
OA=0.9509383251603168
AA=0.94966101833678
kpp=0.925
mIOU_test:0.8888592049185617
IOU_test:[0.8859598  0.95239104 0.81989247 0.79071085 0.9871407  0.92542504
 0.89941691 0.82804553 0.91075051]
Acc_test:[0.9229252  0.9664141  0.88878096 0.92328042 1.         0.96011225
 0.95658915 0.93876991 0.99007718]

====================== exp_idx=2 seed=2 learning rate=0.0003 epochs=200 train ratio=0.1 val ratio=0.01 ======================
OA=0.9537674462466994
AA=0.9492865638460825
kpp=0.925
mIOU_test:0.8935330688632356
IOU_test:[0.89700564 0.95493494 0.83845801 0.797219   0.97899475 0.92335907
 0.91697831 0.83594899 0.8988989 ]
Acc_test:[0.9408284  0.97017572 0.88732394 0.91005291 1.         0.95870916
 0.9503876  0.93602416 0.99007718]
