
====================== exp_idx=0 seed=0 learning rate=0.0003 epochs=200 train ratio=0.1 val ratio=0.01 ======================
OA=0.4155507355714825
AA=0.5608080947048011
kpp=0.55
mIOU_test:0.31760872401580753
IOU_test:[0.40945973 0.15200326 0.08525346 0.22000355 0.87760592 0.29115175
 0.02322275 0.31112945 0.48864865]
Acc_test:[0.62782582 0.16024504 0.08984944 0.81977513 1.         0.59029866
 0.0379845  0.72460187 0.99669239]

====================== exp_idx=0 seed=0 learning rate=0.0003 epochs=200 train ratio=0.1 val ratio=0.01 ======================
OA=0.7873915503583553
AA=0.7848529096422543
kpp=0.7625000000000001
mIOU_test:0.6252519877870601
IOU_test:[0.57591279 0.75899699 0.39581036 0.65452292 0.97262357 0.54032258
 0.32753938 0.62162662 0.77991266]
Acc_test:[0.66530117 0.84093718 0.69742593 0.87334656 0.98007663 0.63118861
 0.46744186 0.92339374 0.9845645 ]
