
====================== exp_idx=0 seed=0 learning rate=0.0003 epochs=200 train ratio=0.1 val ratio=0.01 ======================
OA=0.9627263296869106
AA=0.9586619455146808
kpp=0.9750000000000001
mIOU_test:0.910147592803046
IOU_test:[0.91478209 0.9542021  0.90846995 0.86311673 0.95325055 0.94059594
 0.9089626  0.88831836 0.85963003]
Acc_test:[0.92671825 0.9707131  0.96891695 0.94874339 1.         0.99338545
 0.99844961 0.95002746 0.87100331]
