
====================== exp_idx=5 seed=5 learning rate=0.0003 epochs=200 train ratio=0.1 val ratio=0.01 ======================
OA=0.9628913617502829
AA=0.971907888471101
kpp=0.9750000000000001
mIOU_test:0.9120349941876701
IOU_test:[0.93131827 0.9546621  0.92682927 0.79317212 0.97170514 0.93451595
 0.84956925 0.93130572 0.91523713]
Acc_test:[0.94431801 0.95953571 0.95968917 0.92195767 1.         0.99258368
 0.99379845 0.9752883  1.        ]

====================== exp_idx=5 seed=5 learning rate=0.0003 epochs=200 train ratio=0.1 val ratio=0.01 ======================
OA=0.9628913617502829
AA=0.9718163469551995
kpp=0.9750000000000001
mIOU_test:0.9117452218491571
IOU_test:[0.93058049 0.95492943 0.92592593 0.79430199 0.97170514 0.93451595
 0.8478836  0.93154996 0.91431452]
Acc_test:[0.94371112 0.9598044  0.9592035  0.92195767 1.         0.99258368
 0.99379845 0.9752883  1.        ]
