
====================== exp_idx=9 seed=9 learning rate=0.0003 epochs=200 train ratio=0.1 val ratio=0.01 ======================
OA=0.9494766125990193
AA=0.959017019361053
kpp=0.9375
mIOU_test:0.8821624634045503
IOU_test:[0.89561467 0.94159529 0.79352724 0.83208396 0.94020173 0.95908825
 0.87855656 0.80028701 0.89850746]
Acc_test:[0.94507662 0.94518781 0.94074794 0.91765873 1.         0.9867709
 0.98139535 0.91872597 0.99558986]

====================== exp_idx=9 seed=9 learning rate=0.0003 epochs=200 train ratio=0.1 val ratio=0.01 ======================
OA=0.9500424368162957
AA=0.9581204053715082
kpp=0.9375
mIOU_test:0.8839614714859135
IOU_test:[0.89757567 0.94221818 0.797258   0.83233173 0.94020173 0.9609375
 0.88740324 0.79652959 0.9011976 ]
Acc_test:[0.94932484 0.94637004 0.93200583 0.91600529 1.         0.98616957
 0.97751938 0.92009885 0.99558986]
