
====================== exp_idx=6 seed=6 learning rate=0.0003 epochs=200 train ratio=0.1 val ratio=0.01 ======================
OA=0.9668757072802716
AA=0.9586538039227351
kpp=0.9625000000000001
mIOU_test:0.9155557277306199
IOU_test:[0.91717112 0.97458704 0.89081537 0.8407724  0.9602649  0.95686654
 0.89767114 0.86030151 0.94155154]
Acc_test:[0.94249734 0.98919877 0.92326372 0.87830688 1.         0.99158148
 0.98604651 0.94014278 0.97684675]

====================== exp_idx=6 seed=6 learning rate=0.0003 epochs=200 train ratio=0.1 val ratio=0.01 ======================
OA=0.9664277631082611
AA=0.9583670308796959
kpp=0.9625000000000001
mIOU_test:0.9146530045634554
IOU_test:[0.91595273 0.9740631  0.89039813 0.83855651 0.96168018 0.95577443
 0.89396067 0.85993976 0.94155154]
Acc_test:[0.9408284  0.98887635 0.92326372 0.87599206 1.         0.99198236
 0.98682171 0.94069193 0.97684675]
