
====================== exp_idx=0 seed=0 learning rate=0.0003 epochs=200 train ratio=0.1 val ratio=0.01 ======================
OA=0.8511410788381742
AA=0.9144312384756259
kpp=0.9000000000000001
mIOU_test:0.7860569011542903
IOU_test:[0.79586996 0.765576   0.89209262 0.82991377 0.96940299 0.51524573
 0.53984899 0.840879   0.92568306]
Acc_test:[0.86542255 0.78709227 0.99174356 0.92294974 0.9954023  0.86370014
 0.99767442 0.87204833 0.93384785]
