
====================== exp_idx=7 seed=7 learning rate=0.0003 epochs=200 train ratio=0.1 val ratio=0.01 ======================
OA=0.9662391550358356
AA=0.9523691847222308
kpp=0.9500000000000002
mIOU_test:0.9159719451695424
IOU_test:[0.92951919 0.9724683  0.86719788 0.80238556 0.96381093 0.94605968
 0.91395349 0.87735356 0.97099893]
Acc_test:[0.98846912 0.98511473 0.95143273 0.82308201 1.         0.99138104
 0.91395349 0.92119714 0.99669239]

====================== exp_idx=7 seed=7 learning rate=0.0003 epochs=200 train ratio=0.1 val ratio=0.01 ======================
OA=0.966804979253112
AA=0.9528830342240977
kpp=0.9500000000000002
mIOU_test:0.9172603579320016
IOU_test:[0.93040502 0.97278081 0.87405092 0.80528691 0.96168018 0.94605968
 0.91247095 0.88056574 0.97204301]
Acc_test:[0.98983462 0.9852222  0.95046139 0.8260582  1.         0.99138104
 0.91317829 0.92311917 0.99669239]
