
====================== exp_idx=4 seed=4 learning rate=0.0003 epochs=200 train ratio=0.1 val ratio=0.01 ======================
OA=0.9746086382497171
AA=0.9732510526843549
kpp=0.925
mIOU_test:0.938005556987037
IOU_test:[0.91892294 0.98316069 0.9298893  0.86674892 0.99618321 0.9749499
 0.93338161 0.88743924 0.95137421]
Acc_test:[0.93718707 0.99457252 0.97911608 0.9292328  1.         0.97514532
 0.99922481 0.95249863 0.99228225]

====================== exp_idx=4 seed=4 learning rate=0.0003 epochs=200 train ratio=0.1 val ratio=0.01 ======================
OA=0.9746086382497171
AA=0.9732592897331916
kpp=0.925
mIOU_test:0.9380535913429002
IOU_test:[0.91892294 0.98310847 0.93031841 0.86674892 0.99618321 0.9747495
 0.93338161 0.88769506 0.95137421]
Acc_test:[0.93718707 0.99457252 0.97911608 0.9292328  1.         0.97494488
 0.99922481 0.9527732  0.99228225]
