
====================== exp_idx=0 seed=0 learning rate=0.0003 epochs=200 train ratio=0.1 val ratio=0.01 ======================
OA=0.9652253866465484
AA=0.9723843729165466
kpp=1.0
mIOU_test:0.923680358533509
IOU_test:[0.93780044 0.95234526 0.94918415 0.77425632 0.98043642 0.95721412
 0.97579425 0.92120075 0.86489152]
Acc_test:[0.97678653 0.95577409 0.98882953 0.92096561 0.99846743 1.
 1.         0.94371225 0.96692393]
