
====================== exp_idx=0 seed=0 learning rate=0.0003 epochs=200 train ratio=0.1 val ratio=0.01 ======================
OA=0.9672293474160694
AA=0.9676898598972399
kpp=0.9875
mIOU_test:0.9205813902324395
IOU_test:[0.91119031 0.96934455 0.95333644 0.77484787 0.98490566 0.97881107
 0.98021309 0.89893333 0.83365019]
Acc_test:[0.96980731 0.97194906 0.99222924 0.88425926 1.         1.
 0.99844961 0.92559033 0.96692393]
