
====================== exp_idx=0 seed=0 learning rate=0.0003 epochs=200 train ratio=0.1 val ratio=0.01 ======================
OA=0.9260420596001508
AA=0.9582659059057141
kpp=0.9500000000000002
mIOU_test:0.882482140702287
IOU_test:[0.90336014 0.87292936 0.95335554 0.67871392 0.98788796 0.87266251
 0.94662713 0.79260637 0.93419633]
Acc_test:[0.95448339 0.8778548  0.97280233 0.95634921 1.         0.98216075
 0.98992248 0.93602416 0.95479603]
