
====================== exp_idx=8 seed=8 learning rate=0.0003 epochs=200 train ratio=0.1 val ratio=0.01 ======================
OA=0.9487929083364768
AA=0.9319576406141985
kpp=0.9375
mIOU_test:0.8823790338182717
IOU_test:[0.91722923 0.94872064 0.77496417 0.8076801  0.97533632 0.88060518
 0.87248322 0.81090407 0.95348837]
Acc_test:[0.94826278 0.97232522 0.78776105 0.84160053 1.         0.96833033
 0.90697674 0.96787479 0.99448732]

====================== exp_idx=8 seed=8 learning rate=0.0003 epochs=200 train ratio=0.1 val ratio=0.01 ======================
OA=0.9485807242549981
AA=0.931576028850219
kpp=0.9375
mIOU_test:0.88173944510396
IOU_test:[0.91752275 0.94833639 0.77353082 0.80799746 0.97533632 0.87903667
 0.87118392 0.81123389 0.95147679]
Acc_test:[0.94856623 0.97259391 0.78630403 0.84193122 1.         0.96572459
 0.90697674 0.96760022 0.99448732]
