
====================== exp_idx=0 seed=0 learning rate=0.0003 epochs=200 train ratio=0.1 val ratio=0.01 ======================
OA=0.9615711052433044
AA=0.9725716874813983
kpp=0.9500000000000002
mIOU_test:0.9221305221904549
IOU_test:[0.94367903 0.94044968 0.89851819 0.87134689 0.97752809 0.90462375
 0.90973202 0.89802549 0.95527157]
Acc_test:[0.94568351 0.95303348 0.97183099 0.90707672 1.         1.
 1.         0.98654585 0.98897464]
