
====================== exp_idx=1 seed=1 learning rate=0.0003 epochs=200 train ratio=0.1 val ratio=0.01 ======================
OA=0.548047906450396
AA=0.5691999937440739
kpp=0.5000000000000001
mIOU_test:0.3825730899426427
IOU_test:[0.46200255 0.51771576 0.0751197  0.38100051 0.86538462 0.29345506
 0.06646796 0.19932432 0.58268734]
Acc_test:[0.60415718 0.56220109 0.22098106 0.74801587 1.         0.4960914
 0.17286822 0.3239978  0.99448732]

====================== exp_idx=1 seed=1 learning rate=0.0003 epochs=200 train ratio=0.1 val ratio=0.01 ======================
OA=0.7577565069784987
AA=0.810336533586285
kpp=0.775
mIOU_test:0.6295876902088512
IOU_test:[0.71302458 0.63584322 0.40118493 0.63960794 0.9538347  0.5030368
 0.34233577 0.64408794 0.83333333]
Acc_test:[0.79654074 0.66252888 0.92083536 0.84160053 0.9816092  0.84666266
 0.36356589 0.89291598 0.98676957]
