
====================== exp_idx=0 seed=0 learning rate=0.0003 epochs=200 train ratio=0.1 val ratio=0.01 ======================
OA=0.9668521312712184
AA=0.9708904604171157
kpp=1.0
mIOU_test:0.9300222552380608
IOU_test:[0.9363 0.9554 0.9101 0.7977 0.9886 0.9821 1.     0.8796 0.9204]
Acc_test:[0.9974 0.9594 0.9932 0.8932 0.9992 1.     1.     0.9264 0.9691]
