
====================== exp_idx=3 seed=3 learning rate=0.0003 epochs=200 train ratio=0.1 val ratio=0.01 ======================
OA=0.5332893247831008
AA=0.624432686578045
kpp=0.65
mIOU_test:0.399120571591131
IOU_test:[0.47242255 0.39978159 0.03806782 0.31400535 0.86177249 0.31380289
 0.2372434  0.25702348 0.69796557]
Acc_test:[0.70565923 0.43280133 0.05779505 0.81481481 0.99846743 0.50992183
 0.62713178 0.48984075 0.98346196]

====================== exp_idx=3 seed=3 learning rate=0.0003 epochs=200 train ratio=0.1 val ratio=0.01 ======================
OA=0.709378536401358
AA=0.8654227944360011
kpp=0.8624999999999999
mIOU_test:0.6607628852897647
IOU_test:[0.66834614 0.4786666  0.66725167 0.61072514 0.91755725 0.36161262
 0.66112266 0.77615402 0.80542986]
Acc_test:[0.80503717 0.49615777 0.92326372 0.93022487 0.9210728  0.82701944
 0.98604651 0.91872597 0.98125689]
