
====================== exp_idx=9 seed=9 learning rate=0.0003 epochs=200 train ratio=0.1 val ratio=0.01 ======================
OA=0.4338457185967559
AA=0.555013442672132
kpp=0.4625000000000001
mIOU_test:0.3303805609485932
IOU_test:[0.37510981 0.22564499 0.20151256 0.29148286 0.85071708 0.24536542
 0.03616201 0.11190306 0.63552725]
Acc_test:[0.77742376 0.23499382 0.40116561 0.85218254 1.         0.55181399
 0.05813953 0.12932455 0.99007718]

====================== exp_idx=9 seed=9 learning rate=0.0003 epochs=200 train ratio=0.1 val ratio=0.01 ======================
OA=0.6178564692568842
AA=0.7827200649085142
kpp=0.7500000000000001
mIOU_test:0.5558764104914766
IOU_test:[0.60672478 0.38439998 0.47643979 0.39178515 0.93014968 0.36318305
 0.59638178 0.40076628 0.8530572 ]
Acc_test:[0.7391898  0.40571766 0.88392424 0.9021164  1.         0.70074163
 0.74108527 0.71801208 0.9536935 ]
