
====================== exp_idx=0 seed=0 learning rate=0.0003 epochs=200 train ratio=0.1 val ratio=0.01 ======================
OA=0.9284939645416824
AA=0.9449704516950956
kpp=0.9000000000000001
mIOU_test:0.8769597843475967
IOU_test:[0.941247   0.89       0.78119002 0.8650866  0.98636364 0.71804836
 0.90704225 0.86521526 0.93844492]
Acc_test:[0.95281444 0.8943522  0.79067508 0.94146825 0.99770115 1.
 0.99844961 0.97116969 0.95810364]
