
====================== exp_idx=0 seed=0 learning rate=0.0003 epochs=200 train ratio=0.1 val ratio=0.01 ======================
OA=0.9541446623915504
AA=0.9618132587162983
kpp=0.9750000000000001
mIOU_test:0.9005102724946661
IOU_test:[0.91540162 0.94286173 0.73277433 0.8478984  0.9811463  0.99439327
 0.96556886 0.80340883 0.9211391 ]
Acc_test:[0.94234562 0.94615509 0.97620204 0.92724868 0.99693487 0.99538986
 1.         0.94481054 0.92723264]
