
====================== exp_idx=1 seed=1 learning rate=0.0003 epochs=200 train ratio=0.1 val ratio=0.01 ======================
OA=0.9560778951339117
AA=0.9622194591258195
kpp=0.9750000000000001
mIOU_test:0.9009678806825332
IOU_test:[0.90684218 0.95456975 0.8377248  0.80668818 0.97752809 0.92229039
 0.90361446 0.85471898 0.9447341 ]
Acc_test:[0.9511455  0.95975066 0.97280233 0.90939153 1.         0.99438765
 0.98837209 0.8852279  0.99889746]

====================== exp_idx=1 seed=1 learning rate=0.0003 epochs=200 train ratio=0.1 val ratio=0.01 ======================
OA=0.9560543191248585
AA=0.9621889508580789
kpp=0.9750000000000001
mIOU_test:0.9008922803490721
IOU_test:[0.90684218 0.95456975 0.83737458 0.80645161 0.97752809 0.92246188
 0.90361446 0.85445387 0.9447341 ]
Acc_test:[0.9511455  0.95975066 0.97280233 0.90939153 1.         0.99438765
 0.98837209 0.88495332 0.99889746]
