
====================== exp_idx=0 seed=0 learning rate=0.0003 epochs=200 train ratio=0.1 val ratio=0.01 ======================
OA=0.9470482836665409
AA=0.9621536075952795
kpp=0.9875
mIOU_test:0.8919052372471362
IOU_test:[0.90163452 0.9290591  0.93615023 0.66480718 0.96738325 0.93382353
 0.90452261 0.91633676 0.87342995]
Acc_test:[0.92899408 0.93599871 0.96843128 0.90641534 1.         0.99278413
 0.97674419 0.95332235 0.99669239]

====================== exp_idx=0 seed=0 learning rate=0.0003 epochs=200 train ratio=0.1 val ratio=0.01 ======================
OA=0.9469775556393814
AA=0.9621111576744558
kpp=0.9875
mIOU_test:0.8917794337375524
IOU_test:[0.90163452 0.92895242 0.93571093 0.66448485 0.96738325 0.93382353
 0.90452261 0.91607284 0.87342995]
Acc_test:[0.92899408 0.93589124 0.96843128 0.90641534 1.         0.99278413
 0.97674419 0.95304778 0.99669239]
