
====================== exp_idx=0 seed=0 learning rate=0.0003 epochs=200 train ratio=0.1 val ratio=0.01 ======================
OA=0.07947472651829499
AA=0.10720481220683122
kpp=0.0
mIOU_test:0.014159150530058043
IOU_test:[0.         0.         0.03020446 0.         0.         0.
 0.01769604 0.07953185 0.        ]
Acc_test:[0.         0.         0.03156872 0.         0.         0.
 0.03953488 0.8937397  0.        ]

====================== exp_idx=0 seed=0 learning rate=0.0003 epochs=200 train ratio=0.1 val ratio=0.01 ======================
OA=0.9644945303658997
AA=0.971740929925248
kpp=1.0
mIOU_test:0.9207806133853954
IOU_test:[0.9376 0.9512 0.9492 0.7693 0.9797 0.9618 0.9758 0.9171 0.8454]
Acc_test:[0.9774 0.9545 0.9883 0.921  0.9985 1.     1.     0.9412 0.9647]
